14858134  16206371  16581458  16976835  17128242
14957027  16230159  16618653  16996003  17142008
15269507  16231821  16690346  17008964  17179572
15371700  16446216  16706811  17022096  17187613
15533735  16463102  16716752  17029864  17224047
15678822  16463455  16716868  17045053  17229278
15901637  16512561  16857836  17050111  17250080
16092112  16513940  16954939  17054338  17262453
16108078  16549104  16958942  17068916  17305276
16121961  16556518  16959787  17081629  17327652
16137329  16561295  16960769  17086248  17403812
16195043  16565878  16970667  17086558
